551.198080134
666.225020134
813.293430134
976.356760134
1033.37822013
1132.44663013
1279.51504013
1393.55797013
1464.59508013
1611.66349013
1725.70642013
1854.74901013
1991.80792013
2088.86068013
2244.96179013
2431.04110013
2617.12041013
2754.17932013
2883.22191013
2997.26484013
3068.30195013
3182.34488013
3313.38537013
3412.45378013
3525.53784013
3596.57495013
3709.65901013
3823.70194013
3951.76052013
4054.76971013
4167.85377013
4254.88580013
4351.93856013
4438.97059013
4567.06555013
4681.10848013
4810.15107013
4957.21948013
5120.28281013
5257.34172013
5443.42103013
5558.44797013
5629.48508013
5726.53784013
5813.56987013
5928.59681013
6042.63974013
6156.68267013
6269.76673013
6397.86169013
6498.90937013
6595.96213013
6698.97132013
6801.98051013
6903.02819013
7018.05513013
7174.15624013
7261.18827013
7318.20973013
7415.26249013
7529.30542013
7643.34835013
7799.44946013
7856.47092013
7985.51351013
8098.59757013
8284.67688013
8412.77184013
8499.80387013
8614.83081013
8727.91487013
8840.99893013
8997.10004013
9068.13715013
9171.14634013
9285.18927013
9372.22130013
9487.24824013
9624.30715013
9711.33918013
9812.38686013
9943.42735013
10099.5284601
10212.6125201
10340.7074801
10443.7166701
10580.7755801
10693.8596401
10824.9001301
10961.9590401
11148.0383501
11311.1016801
11440.1442701
11553.2283301
