948
405 327
56 31
65 654
42 437
71 351
455 161
535 668
280 26
524 685
195 474
813 395
198 254
666 59
188 5
793 236
721 300
296 239
511 699
10 786
83 395
52 222
26 4
239 628
576 250
236 22
109 63
565 183
642 466
675 434
221 71
737 115
86 884
244 48
741 905
95 130
912 797
584 315
446 496
527 362
894 868
420 519
84 6
773 893
836 753
618 125
150 209
803 244
617 398
194 340
915 305
138 338
404 381
440 60
226 1
741 399
26 37
267 441
490 127
523 705
806 849
26 76
755 151
748 710
589 122
406 67
780 823
557 486
112 910
194 65
124 181
30 59
53 41
712 195
63 102
698 898
339 107
299 369
502 111
132 77
121 207
36 377
265 20
645 245
19 116
785 88
683 474
500 713
99 270
115 111
444 493
434 492
100 615
416 239
314 831
131 109
305 49
297 333
763 378
855 520
224 84
909 493
225 327
4 22
479 54
182 147
36 295
24 64
267 180
3 2
581 817
135 108
939 596
605 330
156 566
95 556
30 22
602 444
48 8
279 345
324 468
225 630
49 237
33 762
20 98
256 361
860 451
59 742
106 85
319 148
277 118
347 230
53 61
923 128
627 874
943 818
282 752
701 821
19 587
458 159
118 150
846 48
776 171
549 178
211 46
266 432
457 307
946 151
278 124
638 504
145 217
275 311
567 337
6 9
293 123
175 131
271 394
623 12
875 684
704 758
23 166
174 402
137 159
231 341
704 818
648 238
29 79
572 348
680 262
422 104
578 808
810 397
536 651
542 306
43 889
389 929
332 54
123 499
779 189
566 782
139 167
18 85
649 106
268 227
100 62
764 87
931 862
82 101
5 732
418 28
302 286
577 397
87 269
378 393
396 611
812 84
137 113
335 306
193 687
1 78
468 560
39 34
35 867
256 1
36 2
209 313
672 1
261 376
304 436
677 618
381 459
119 729
136 60
554 640
289 35
888 826
117 28
570 458
187 370
14 103
194 481
749 904
907 6
339 401
620 410
232 130
90 329
633 579
470 760
436 599
450 376
191 46
152 123
27 698
489 216
174 184
228 157
288 194
607 899
90 32
167 353
206 168
656 799
411 544
108 189
933 341
520 329
579 691
23 196
273 619
90 157
355 312
468 751
928 135
854 921
119 96
520 914
625 335
350 234
575 522
460 476
561 307
330 44
208 419
767 100
140 242
75 70
605 667
18 299
710 498
139 82
194 541
17 6
776 797
6 20
31 882
87 451
117 491
71 47
512 784
105 462
50 35
152 326
54 538
413 512
156 56
310 6
26 83
287 149
187 198
12 2
529 374
368 48
834 265
47 937
925 485
531 54
927 765
228 511
219 142
773 753
387 225
666 750
266 18
421 155
178 684
186 657
65 86
207 245
725 892
264 845
153 4
916 472
125 46
478 293
262 156
208 91
260 342
343 135
72 96
434 341
445 337
473 419
96 838
695 100
225 316
155 128
112 127
6 63
354 423
11 8
43 230
222 409
679 479
64 249
439 861
798 233
111 322
678 610
217 307
270 644
627 507
150 374
787 464
18 279
582 19
292 69
402 407
682 128
948 698
573 331
154 464
195 571
420 35
869 289
579 489
297 182
202 107
13 14
720 359
945 806
576 676
38 218
174 115
843 313
447 216
433 140
227 825
20 500
160 655
4 31
168 124
391 297
432 592
231 71
621 152
19 33
233 86
30 697
390 106
690 299
897 19
749 254
15 255
920 298
23 40
14 178
108 193
378 597
535 133
380 280
205 191
809 777
805 78
61 147
331 32
266 940
47 239
754 709
70 105
913 31
118 365
72 126
753 168
385 483
50 92
475 717
792 658
811 792
135 663
6 300
772 775
153 536
370 704
555 554
260 165
399 313
128 298
133 93
246 290
641 446
574 518
73 6
471 420
580 78
32 924
442 79
835 223
24 29
871 161
293 344
707 451
50 58
251 15
164 24
376 681
384 62
593 829
318 53
113 101
367 269
257 237
765 286
885 511
8 731
359 789
88 151
36 523
231 373
552 152
69 2
848 711
233 359
540 481
60 227
395 822
662 548
117 454
814 743
922 94
281 323
335 934
778 144
465 244
312 45
768 411
65 2
36 51
692 582
14 146
150 857
435 600
177 30
610 443
225 181
261 626
57 118
319 425
548 384
429 722
518 117
325 389
693 891
93 78
52 15
432 470
494 783
210 282
375 353
5 13
727 691
307 801
398 367
60 72
72 195
276 591
590 173
646 475
91 49
142 13
887 48
259 469
591 696
43 68
452 472
121 95
78 212
686 623
430 326
356 335
839 674
314 149
352 329
262 410
172 118
530 125
50 354
780 721
930 728
706 591
828 118
634 433
759 569
334 94
59 586
23 408
291 79
866 292
388 215
786 853
70 594
141 67
277 632
449 430
695 790
38 21
723 833
15 3
544 578
4 183
503 515
136 495
906 380
23 10
879 184
868 149
506 289
533 774
23 559
873 784
464 766
123 118
251 660
7 8
265 606
47 328
614 319
551 553
364 180
85 203
62 143
38 49
324 281
111 46
607 425
278 461
303 44
862 174
248 189
129 238
719 643
938 702
336 585
504 279
278 777
320 252
81 865
46 819
501 395
365 596
678 804
730 795
216 75
389 781
132 545
243 524
275 132
4 6
21 46
745 308
358 89
571 688
1 5
671 614
349 331
431 318
40 66
466 300
679 918
16 24
235 23
726 248
158 274
206 366
16 10
877 9
1 32
581 335
42 134
796 74
771 830
815 484
635 100
286 97
537 475
225 429
283 911
293 521
531 604
325 55
3 427
52 60
55 99
407 558
148 743
827 919
908 399
138 272
690 718
180 56
475 416
844 390
45 25
607 827
674 350
47 17
315 234
30 95
806 783
281 396
129 69
414 310
284 24
105 382
47 201
746 297
212 488
306 138
756 326
416 505
72 321
144 158
199 189
896 327
301 130
64 110
659 410
477 179
170 48
740 195
39 371
35 2
72 179
328 800
664 322
161 8
186 83
239 444
346 69
181 348
9 190
192 403
326 613
162 55
3 4
240 411
82 8
71 294
725 169
286 534
276 595
533 66
383 186
293 703
114 392
714 518
67 47
550 529
723 52
438 40
824 459
357 125
62 26
503 126
241 47
826 685
181 443
148 413
19 802
770 299
677 842
446 673
297 417
226 261
160 27
497 624
480 136
820 644
181 551
412 612
77 7
189 880
769 405
494 427
902 714
205 708
444 609
917 717
886 607
138 223
89 336
750 876
25 283
394 858
736 484
730 294
629 487
634 733
554 643
52 448
182 569
25 18
19 1
51 415
600 883
516 73
478 517
6 124
81 114
136 700
941 5
144 173
1 2
400 439
562 561
229 220
245 250
737 926
88 187
767 947
171 58
426 205
446 226
78 200
204 27
192 26
89 26
181 852
791 737
1 28
265 435
120 34
451 583
116 522
397 187
386 19
323 598
594 832
59 145
163 75
138 546
308 257
378 354
167 215
467 177
134 554
513 20
694 648
528 6
140 214
530 872
273 143
98 107
147 210
25 337
57 165
932 517
747 204
942 851
841 127
197 95
154 131
21 276
281 114
7 1
296 689
80 13
265 650
128 29
539 430
711 563
772 334
761 609
152 636
903 55
369 647
289 309
81 42
460 418
122 119
109 381
119 234
272 890
122 637
114 285
423 452
19 34
156 840
65 220
70 66
149 117
140 63
7 43
269 568
881 789
652 202
670 383
146 169
816 935
402 739
509 126
14 27
67 428
357 735
43 74
418 543
27 564
944 12
702 281
721 757
484 442
339 900
563 267
379 734
631 472
658 315
91 372
267 547
688 870
525 357
255 412
5 176
304 163
