13659.9602235
1780.71112675
1895.73806675
1908.80608675
2039.84657675
2042.80647675
2156.84940675
2176.90548675
2227.88651675
2277.95316675
2374.95492675
2434.05427675
2461.98695675
2505.09138675
2576.02988675
2647.06699675
2652.15979675
2709.18125675
2778.10748675
2865.28236675
2907.15007675
2978.36642675
3091.45048675
3093.22938675
3190.51889675
3221.32434675
3287.57165675
3324.33353675
3400.65571675
3437.41759675
3471.69282675
3568.74558675
3623.49690675
3639.78269675
3722.56531675
3753.82562675
3837.59225675
3856.83481675
3953.88757675
3968.63274675
4056.89676675
4065.68550675
4168.69469675
4219.96009675
4297.73728675
4321.00777675
4483.81659675
4507.08708675
4594.11911675
4646.87992675
4722.17769675
4760.92285675
4850.27265675
4888.98143675
4978.33123675
5075.06074675
5081.34042675
5190.08768675
5212.38091675
5309.43367675
5319.13027675
5406.48643675
5482.19360675
5509.49562675
5583.24128675
5622.57968675
5670.27331675
5785.64301675
5798.36827675
5971.72232675
5984.44758675
6068.77508675
6081.50034675
6210.54293675
6254.85439675
6338.63789675
6383.89698675
6466.69647675
6520.95589675
6537.73358675
6624.76561675
6649.05085675
6720.08796675
6753.80820675
6777.10942675
6882.85079675
6906.15201675
6939.87225675
7010.90936675
7035.19460675
7122.22663675
7139.00432675
7193.26374675
7276.06323675
7321.32232675
7405.10582675
7449.41728675
7578.45987675
7591.18513675
7675.51263675
7688.23789675
7861.59194675
7874.31720675
7989.68690675
8037.38053675
8076.71893675
8150.46459675
8177.76661675
8253.47378675
8340.82994675
8350.52654675
8447.57930675
8469.87253675
8578.61979675
8584.89947675
8681.62898675
8770.97878675
8809.68756675
8899.03736675
8937.78252675
9013.08029675
9065.84110675
9152.87313675
9176.14362675
9338.95244675
9362.22293675
9440.00012675
9491.26552675
9594.27471675
9603.06345675
9691.32747675
9706.07264675
9803.12540675
9822.36796675
9906.13459675
9937.39490675
10020.1775267
10036.4633167
10091.2146367
10188.2673967
10222.5426267
10259.3045067
10335.6266867
10372.3885667
10438.6358767
10469.4413267
10566.7308367
10568.5097367
10681.5937967
10752.8101467
10794.6778567
10881.8527367
10950.7789667
11007.8004267
11012.8932267
11083.9303367
11154.8688367
11197.9732667
11225.9059467
11285.0052967
11382.0070567
11432.0737067
11483.0547367
11503.1108167
11617.1537467
11620.1136467
11751.1541367
11764.2221567
11879.2490967
